-32.6850823   -7.6043227    0.0000000    0.0000000   -0.0186797   -1.6196036   -1.6196036
-7.6043227   -9.3020628    0.0000000    0.0000000   -0.2221598   -3.5432106   -3.5432106
0.0000000    0.0000000   -7.4308356    0.0000000    0.0000000    0.0000000    0.0000000
0.0000000    0.0000000    0.0000000   -7.5670222    0.0000000   -1.8908561    1.8908561
-0.0186797   -0.2221598    0.0000000    0.0000000   -7.5266557   -1.6587893   -1.6587893
-1.6196036   -3.5432106    0.0000000   -1.8908561   -1.6587893   -4.9564901   -1.5602636
-1.6196036   -3.5432106    0.0000000    1.8908561   -1.6587893   -1.5602636   -4.9564901
