-61.6882822 -7.4363118 -0.0186797 0.0000000 0.0000000 -1.6150632 -1.6150632
-7.4363118 -10.1101907 -0.2221597 0.0000000 0.0000000 -3.6569577 -3.6569577
-0.0186797 -0.2221597 -10.0553869 0.0000000 0.0000000 -1.8259927 -1.8259927
0.0000000 0.0000000 0.0000000 -9.9595668 0.0000000 0.0000000 -0.0000000
0.0000000 0.0000000 0.0000000 0.0000000 -10.0957534 -2.0901914 2.0901914
-1.6150632 -3.6569577 -1.8259927 0.0000000 -2.0901914 -5.7165217 -1.5685882
-1.6150632 -3.6569577 -1.8259927 -0.0000000 2.0901914 -1.5685882 -5.7165217
