
H
            1          2          3          4          5          6          7
1 -32.5773954 -7.5788328  0.0000000 -0.0144738  0.0000000 -1.2401023 -1.2401023
2  -7.5788328 -9.2009433  0.0000000 -0.1768902  0.0000000 -2.9067098 -2.9067098
3   0.0000000  0.0000000 -7.4588193  0.0000000  0.0000000 -1.6751501  1.6751501
4  -0.0144738 -0.1768902  0.0000000 -7.4153118  0.0000000 -1.3568683 -1.3568683
5   0.0000000  0.0000000  0.0000000  0.0000000 -7.3471449  0.0000000  0.0000000
6  -1.2401023 -2.9067098 -1.6751501 -1.3568683  0.0000000 -4.5401711 -1.0711459
7  -1.2401023 -2.9067098  1.6751501 -1.3568683  0.0000000 -1.0711459 -4.5401711

S^(-1/2)
           1          2          3          4         5          6          7
1  1.0236346 -0.1368547 -0.0000000 -0.0074873 0.0000000  0.0190279  0.0190279
2 -0.1368547  1.1578632  0.0000000  0.0721601 0.0000000 -0.2223326 -0.2223326
3 -0.0000000  0.0000000  1.0733148  0.0000000 0.0000000 -0.1757583  0.1757583
4 -0.0074873  0.0721601  0.0000000  1.0383050 0.0000000 -0.1184626 -0.1184626
5  0.0000000  0.0000000  0.0000000  0.0000000 1.0000000  0.0000000  0.0000000
6  0.0190279 -0.2223326 -0.1757583 -0.1184626 0.0000000  1.1297234 -0.0625975
7  0.0190279 -0.2223326  0.1757583 -0.1184626 0.0000000 -0.0625975  1.1297234

F_0
            1          2          3          4          5          6          7
1 -32.2545866 -2.7914909  0.0000000  0.0086110  0.0000000 -0.1812967 -0.1812967
2  -2.7914909 -8.2368891 -0.0000000 -0.2282926 -0.0000000 -0.3857987 -0.3857987
3   0.0000000 -0.0000000 -7.5428890 -0.0000000  0.0000000 -0.1132121  0.1132121
4   0.0086110 -0.2282926 -0.0000000 -7.4570295 -0.0000000 -0.1102196 -0.1102196
5   0.0000000 -0.0000000  0.0000000 -0.0000000 -7.3471449 -0.0000000  0.0000000
6  -0.1812967 -0.3857987 -0.1132121 -0.1102196 -0.0000000 -4.0329547 -0.0446466
7  -0.1812967 -0.3857987  0.1132121 -0.1102196  0.0000000 -0.0446466 -4.0329547

C_0_prime:
           1          2          3          4          5          6          7
1  0.9933975 -0.1068136 -0.0000000 -0.0417010 -0.0000000 -0.0036570  0.0000000
2  0.1141801  0.9139656  0.0000000  0.3677048  0.0000000  0.1281525 -0.0000000
3 -0.0000000  0.0000000 -0.9989912  0.0000000 -0.0000000  0.0000000  0.0449058
4  0.0007662  0.3685384 -0.0000000 -0.9289056 -0.0000000  0.0362392 -0.0000000
5 -0.0000000  0.0000000  0.0000000 -0.0000000  1.0000000 -0.0000000  0.0000000
6  0.0078677  0.0933736 -0.0317532  0.0097117  0.0000000 -0.7008032 -0.7063935
7  0.0078677  0.0933736  0.0317532  0.0097117 -0.0000000 -0.7008032  0.7063935

C_0
           1          2          3          4          5          6          7
1  1.0015436 -0.2336245 -0.0000000 -0.0856842 -0.0000000 -0.0482226  0.0000000
2 -0.0071893  1.0579388  0.0000000  0.3601105  0.0000000  0.4631213 -0.0000000
3 -0.0000000  0.0000000 -1.0610702  0.0000000 -0.0000000  0.0000000  0.2965071
4 -0.0002671  0.4272843 -0.0000000 -0.9399425 -0.0000000  0.2129401 -0.0000000
5 -0.0000000  0.0000000  0.0000000 -0.0000000  1.0000000 -0.0000000  0.0000000
6  0.0018213 -0.1492533  0.1377210  0.0378579  0.0000000 -0.7807003 -0.8501403
7  0.0018213 -0.1492533 -0.1377210  0.0378579 -0.0000000 -0.7807003  0.8501403

D_0
           1          2          3          4          5          6          7
1  1.0650117 -0.2852166 -0.0000000 -0.0195534 -0.0000000  0.0334496  0.0334496
2 -0.2852166  1.2489657  0.0000000  0.1135594  0.0000000 -0.1442809 -0.1442809
3 -0.0000000  0.0000000  1.1258701 -0.0000000 -0.0000000 -0.1461317  0.1461317
4 -0.0195534  0.1135594 -0.0000000  1.0660638  0.0000000 -0.0993583 -0.0993583
5 -0.0000000  0.0000000 -0.0000000  0.0000000  1.0000000  0.0000000 -0.0000000
6  0.0334496 -0.1442809 -0.1461317 -0.0993583  0.0000000  0.0426802  0.0047460
7  0.0334496 -0.1442809  0.1461317 -0.0993583 -0.0000000  0.0047460  0.0426802

E_0_elec -125.84207743769873
SCF_0 -117.83971037588829

Size 7
Iter    E(elec)         E(tot)  Delta(E)        RMS(D)
1 -125.84207743769873 -117.83971037588829
1 -78.2865832847398 -70.28421622292936 47.55549415295893 1.826673084479046
2 -84.04831625343537 -76.04594919162493 5.7617329686955685 0.4795703648603256
3 -82.7169659608545 -74.71459889904405 1.3313502925808791 0.08683168890641899
4 -82.98714075700153 -74.98477369519108 0.27017479614703177 0.031026136359139835
5 -82.93813318751322 -74.93576612570277 0.04900756948831031 0.01079928317938157
6 -82.94627107869916 -74.94390401688871 0.008137891185938884 0.005254826831373241
7 -82.9444867849142 -74.94211972310376 0.001784293784950819 0.0024385796422885016
8 -82.94461725224326 -74.94225019043282 0.00013046732905763747 0.0011772795307293624
9 -82.94450350070264 -74.94213643889219 0.00011375154062420734 0.0005645431795944926
10 -82.9444789306255 -74.94211186881505 2.4570077144403513e-05 0.0002722049915901502
11 -82.94446162768449 -74.94209456587404 1.7302941003549677e-05 0.00013118030879663933
12 -82.9444541983748 -74.94208713656435 7.429309690110131e-06 6.327566629348091e-05
13 -82.94445044505093 -74.94208338324049 3.7533238668174818e-06 3.0522547117643206e-05
14 -82.94444866168577 -74.94208159987532 1.7833651639875825e-06 1.47258466296515e-05
15 -82.9444477959307 -74.94208073412025 8.657550694124438e-07 7.1048364969375685e-06
16 -82.94444737901644 -74.94208031720599 4.169142613363874e-07 3.4280259670577777e-06
17 -82.94444717768532 -74.94208011587487 2.0133111888753774e-07 1.6540142368766314e-06
18 -82.94444708056533 -74.94208001875488 9.711999382489012e-08 7.980648406676482e-07
19 -82.94444703369888 -74.94207997188843 4.686644672347029e-08 3.850690847625335e-07
20 -82.94444701108615 -74.94207994927571 2.261272413761617e-08 1.857975885123743e-07
21 -82.94444700017527 -74.94207993836483 1.091088108751137e-08 8.964827159689898e-08
22 -82.94444699491065 -74.9420799331002 5.26462429206731e-09 4.325576440848643e-08
23 -82.94444699237044 -74.94207993056 2.5402044911970734e-09 2.0871137843763297e-08
24 -82.94444699114484 -74.9420799293344 1.2256009540578816e-09 1.0070442703444842e-08
25 -82.9444469905534 -74.94207992874296 5.914415623919922e-10 4.859043310187179e-09
26 -82.94444699026809 -74.94207992845764 2.8531133011711063e-10 2.3445106933863705e-09
27 -82.94444699013042 -74.94207992831997 1.37674760480877e-10 1.1312418836149511e-09
28 -82.944446990064 -74.94207992825355 6.642153493885417e-11 5.458276755576123e-10
29 -82.94444699003193 -74.94207992822149 3.205968823749572e-11 2.6337009784251426e-10
30 -82.94444699001646 -74.94207992820601 1.5475620784854982e-11 1.2707730584606885e-10
31 -82.94444699000897 -74.94207992819852 7.489120434911456e-12 6.131380697521034e-11
32 -82.94444699000543 -74.94207992819499 3.538502824085299e-12 2.958864707005894e-11
33 -82.94444699000366 -74.94207992819321 1.7763568394002505e-12 1.4271470214413538e-11
34 -82.94444699000283 -74.94207992819238 8.242295734817162e-13 6.883423366527614e-12
HF Energy -74.94207992819238
Iterations 34

[Process exited 0]
